0
0
0
0
0
0
0
0
0
0
0
0
0
0
0
0
0
0
0
0
0
0
0
0
0
0
0
0
0
1.50515
0
0
0
0
0
0
0
0
0
0
0
0
0
0
0
0
0
0
0
0
0
0
0
0
0
0
0
0
0
0
0
0
0
0
1.50515
0
0
0
0
0
0
0
0
7.31199
11.83678
13.3651
13.96546
14.34028
13.9373
12.65739
12.51214
12.36378
12.37836
12.60569
12.15682
12.40721
12.32691
12.41437
12.34174
12.44275
12.37108
12.49155
12.28941
12.32691
12.24353
12.53253
12.17284
12.19666
12.25125
12.44275
12.47077
12.53253
12.42861
12.29696
12.22802
12.40721
12.55942
12.66377
12.33434
12.36378
12.49844
12.53928
12.53928
12.36378
12.48465
12.30449
12.43569
12.48465
12.52575
12.22022
12.49155
12.18875
12.22022
12.43569
12.40003
12.29696
12.28183
12.51214
12.27422
12.59914
12.22022
12.37836
12.34174
12.51895
12.25893
12.35646
12.4215
12.43569
12.47772
12.66377
12.35646
12.45681
12.39283
12.5053
12.31199
12.22802
12.34174
12.7079
12.45681
12.40721
12.23579
12.28941
12.52575
12.4638
12.42861
12.33434
12.18081
12.30449
12.31946
12.40003
12.53253
12.47077
12.37836
12.24353
12.13256
12.40003
12.09151
12.45681
12.24353
12.18875
12.39283
12.25893
12.43569
12.22802
12.52575
12.44979
12.13256
12.48465
12.23579
12.49844
12.53253
12.72034
12.33434
12.39283
12.32691
12.40003
12.40721
12.34911
12.44275
12.34911
12.25893
12.26659
12.28941
12.57274
12.40721
12.25893
12.54601
12.49844
12.39283
12.30449
12.44275
12.49844
12.2124
12.38561
12.37836
12.42861
12.7079
12.61222
12.33434
12.33434
12.53253
12.40003
12.45681
12.32691
12.18081
12.30449
12.22802
12.31946
12.30449
12.14876
12.26659
12.37836
12.33434
12.14067
12.33434
12.32691
12.49844
12.17284
12.18875
12.52575
12.32691
12.22022
12.34174
12.42861
12.17284
12.48465
12.25893
12.40721
12.38561
12.36378
12.16485
12.61873
12.41437
12.53253
12.14876
12.28183
12.40721
12.30449
12.44275
12.57937
12.38561
12.51214
12.55942
12.49155
12.38561
12.41437
12.25125
12.44979
12.49844
12.38561
12.33434
12.37108
12.45681
12.34174
12.47077
12.41437
12.40721
12.51214
12.5053
12.28183
12.0665
12.52575
12.40721
12.67647
12.44979
12.32691
12.2124
12.33434
12.38561
12.44275
12.40721
12.19666
12.20455
12.22022
12.34911
12.29696
12.30449
12.09151
12.60569
12.36378
12.32691
12.44979
12.34174
12.2124
12.51214
12.74502
12.18081
12.44979
12.32691
12.30449
12.36378
12.28941
12.39283
12.25893
12.22022
12.44979
12.34174
12.28183
12.27422
12.26659
12.36378
12.41437
12.48465
12.37836
12.51214
12.49155
12.31199
12.26659
12.54601
12.43569
12.31199
12.23579
12.39283
12.32691
12.29696
12.4215
12.34174
12.22802
12.44275
12.32691
12.25893
12.18875
12.5053
12.5053
12.20455
12.4215
12.31199
11.981
12.29696
12.26659
12.29696
12.25125
12.09151
12.16485
12.31199
12.52575
12.16485
12.49155
12.40721
12.34174
12.30449
12.29696
12.42861
12.34174
12.09151
12.49844
12.55273
12.32691
12.22022
12.48465
12.49155
12.23579
12.37836
12.27422
12.14067
12.6317
12.4215
12.42861
12.31199
12.18875
12.28183
12.43569
12.14876
12.43569
12.4638
12.02417
12.13256
12.53928
12.48465
12.09978
12.27422
12.35646
12.31199
12.32691
12.33434
12.22802
12.44979
12.34174
12.43569
12.37836
12.27422
12.52575
12.24353
12.47077
12.16485
12.25893
12.49155
12.30449
12.33434
12.31946
12.37108
12.51214
12.42861
12.34911
12.26659
12.54601
12.43569
12.56609
12.19666
12.24353
12.47077
12.19666
12.4638
12.20455
12.49155
12.39283
12.37836
12.14876
12.49155
12.2124
12.28183
12.33434
12.57937
12.22022
12.37108
12.36378
12.25893
12.25125
12.34911
12.14067
12.25125
12.27422
12.45681
12.14876
12.28941
12.48465
12.20455
12.34911
12.40003
12.41437
12.41437
12.54601
12.2124
12.41437
12.26659
12.25125
12.2124
12.54601
12.4638
12.27422
12.26659
12.51895
12.28183
12.34911
12.47077
12.24353
12.18875
12.39283
12.27422
12.4638
12.34911
12.38561
12.18875
11.981
12.36378
12.28941
12.51895
12.45681
12.49155
12.28941
12.41437
12.53253
12.49155
12.35646
12.2124
12.28183
12.40003
12.34174
12.16485
12.33434
12.49155
12.4638
12.31946
12.26659
12.15682
12.35646
12.4215
12.30449
12.17284
12.33434
12.0665
12.38561
12.25125
12.47077
12.44979
12.49155
12.30449
12.47772
12.19666
12.13256
12.19666
12.22022
12.20455
12.25125
12.28941
12.19666
12.37836
12.2124
12.52575
12.5053
12.38561
12.32691
12.4215
12.34911
12.25125
12.57274
12.37108
12.44979
12.28941
12.31199
12.44275
12.44979
12.33434
12.51214
12.35646
12.18081
12.20455
12.39283
12.37108
12.28941
12.40721
12.39283
12.25125
12.31946
12.32691
12.23579
12.4215
12.37108
12.35646
12.4638
12.651
12.16485
12.26659
12.31946
12.40003
12.14067
12.40721
12.51895
12.16485
12.24353
12.68279
12.27422
12.45681
12.24353
12.43569
12.43569
12.32691
12.22802
12.25893
12.60569
12.24353
12.49155
12.07487
12.32691
12.19666
12.42861
12.43569
12.42861
12.31199
12.24353
12.43569
12.19666
12.34174
12.14067
12.23579
12.31946
12.25125
12.59257
12.5053
12.24353
12.40003
12.33434
12.41437
12.29696
12.28183
12.19666
12.22022
12.16485
12.20455
12.0832
12.40003
12.4215
12.27422
12.16485
12.19666
12.30449
12.34174
12.44979
12.22802
12.47772
12.09151
12.28941
12.40721
12.35646
12.32691
12.2124
12.37836
12.44275
12.49844
12.32691
12.17284
12.40721
12.28941
12.5053
12.34174
12.28183
12.52575
12.34911
12.42861
12.36378
12.22022
12.20455
12.29696
12.24353
12.33434
12.28183
12.23579
12.23579
12.31199
12.18875
12.26659
12.26659
12.22022
12.18875
12.17284
12.16485
12.12441
12.16485
12.41437
12.41437
12.45681
12.47772
11.92803
12.28183
12.25893
12.31946
12.22802
12.39283
12.07487
12.22022
12.27422
12.24353
12.13256
12.41437
12.33434
12.4638
12.12441
12.28183
12.0412
12.34911
12.61222
12.31199
12.31199
12.14067
12.33434
12.38561
12.32691
12.26659
12.17284
12.20455
12.49844
12.38561
12.52575
12.35646
12.43569
12.55942
12.44979
12.34174
12.44979
12.2124
12.16485
12.12441
12.18081
12.14067
12.37108
12.18875
12.33434
12.0581
12.30449
12.28941
12.22802
12.25125
12.13256
12.43569
12.20455
12.28941
12.31946
12.37108
12.18081
12.32691
12.13256
12.25125
12.0665
12.2124
12.15682
12.24353
12.25893
12.10802
12.33434
12.31946
12.34174
12.31199
12.2124
12.39283
12.04967
12.61873
12.29696
12.14876
12.48465
12.40721
12.15682
12.28941
12.40721
12.10802
12.29696
12.35646
11.91908
12.30449
12.17284
12.29696
11.981
12.11623
12.48465
12.0327
12.40003
12.13256
12.26659
12.38561
12.18081
12.37108
12.39283
12.2124
12.28183
12.32691
12.13256
12.25125
12.5053
12.10802
12.51895
12.28183
12.41437
12.23579
12.0412
12.31946
12.0327
12.19666
12.16485
12.28941
12.39283
12.35646
12.18875
12.0832
12.26659
12.44275
12.14067
12.19666
12.27422
12.20455
12.32691
12.11623
12.35646
12.28941
12.20455
12.2124
12.47772
12.16485
12.39283
12.2124
12.40721
12.43569
12.22802
12.27422
12.02417
12.0665
12.38561
12.09151
12.41437
12.36378
12.29696
12.49155
12.22802
12.37836
12.36378
12.09978
12.17284
12.28183
12.38561
12.4215
12.40003
12.4215
12.13256
12.0581
12.17284
12.45681
12.24353
12.22802
12.49844
12.41437
12.29696
12.49844
12.09151
12.25125
12.22802
12.2124
12.40721
12.4638
12.25893
12.25125
12.22802
12.20455
12.14067
12.09151
12.0832
12.39283
12.35646
12.31946
12.44275
12.12441
12.19666
12.2124
12.0156
12.39283
12.29696
12.34911
12.14067
12.25893
12.22022
12.4638
12.40003
12.41437
12.34174
12.24353
12.28941
12.20455
12.15682
12.36378
12.09151
12.34911
12.31199
12.47077
12.27422
12.17284
12.29696
11.93695
12.18875
12.34174
12.41437
12.10802
12.0665
12.18875
12.27422
12.09978
12.28183
12.37836
12.33434
12.4638
12.37108
12.30449
12.43569
11.90106
12.17284
12.22802
12.32691
12.26659
12.04967
12.23579
12.17284
12.25893
12.34174
12.33434
12.34174
12.0581
11.95468
11.89199
12.0156
12.0327
12.22022
12.007
12.51214
12.12441
12.13256
12.22802
12.34174
12.35646
12.31946
12.24353
12.16485
12.33434
12.33434
12.09978
12.44275
12.32691
12.18081
12.34174
12.10802
12.18081
12.26659
12.40003
11.96348
12.31946
12.28183
12.0832
12.0665
12.16485
12.34911
12.43569
12.44979
12.25125
12.42861
12.33434
12.35646
12.22802
12.2124
12.35646
12.16485
12.15682
12.14876
12.18081
12.44275
12.25125
12.18875
12.36378
12.19666
12.29696
12.28183
12.25125
12.32691
12.20455
12.37836
12.22022
11.91908
12.17284
12.19666
12.35646
12.37108
12.25893
12.24353
12.37108
12.28941
12.36378
11.981
12.13256
12.28941
12.43569
12.16485
12.25125
12.47077
12.07487
12.25893
12.28183
12.0665
12.22802
12.36378
12.09151
11.94583
11.94583
12.37108
12.32691
12.2124
12.18875
12.26659
12.13256
12.27422
12.24353
12.18081
12.22802
12.4215
12.28941
11.91908
12.31946
12.22802
12.14876
12.14067
12.19666
12.26659
12.0327
12.25893
12.10802
12.32691
12.34911
12.41437
12.23579
12.23579
12.18875
12.18875
12.28183
12.09151
12.37108
12.14067
11.95468
12.15682
12.10802
12.0832
12.18875
12.37108
12.17284
12.17284
12.007
12.18875
12.18081
12.25125
12.23579
12.2124
12.4215
12.22022
12.26659
12.38561
12.39283
12.0156
12.22022
12.09978
12.48465
12.28183
12.27422
12.33434
12.17284
12.28941
12.28183
12.27422
12.24353
12.13256
12.10802
12.12441
12.33434
12.26659
12.15682
12.32691
12.30449
11.90106
12.07487
11.96348
12.40721
12.27422
12.37108
12.11623
12.24353
12.31946
12.16485
12.04967
12.30449
12.44979
12.53928
12.19666
12.23579
12.20455
12.36378
11.69228
12.22022
12.23579
12.12441
12.19666
12.14876
12.0581
12.37836
12.07487
12.20455
12.11623
12.0327
12.04967
12.17284
12.25125
12.19666
12.12441
12.13256
12.19666
12.13256
12.18875
12.14876
12.007
12.29696
12.0665
12.20455
12.20455
12.0832
12.20455
11.77054
12.27422
12.30449
12.39283
12.24353
12.14876
12.19666
12.02417
12.16485
12.02417
12.22802
12.0581
12.18081
12.09978
12.12441
12.24353
12.09978
12.0581
12.2124
12.34174
12.22022
12.31199
12.16485
12.0832
12.27422
12.14067
12.27422
12.18875
12.18081
12.20455
12.25893
12.2124
12.25125
11.96348
12.18081
12.20455
12.23579
12.40721
12.29696
12.16485
12.0327
12.0156
12.18081
11.95468
12.25125
12.32691
12.2124
12.13256
12.23579
12.18081
12.34174
12.0581
12.18081
12.4215
12.09151
11.91908
12.23579
12.007
12.0156
12.09151
12.47772
12.27422
12.18875
12.19666
12.12441
12.29696
12.37836
12.18081
12.11623
12.09151
12.29696
12.2124
12.25893
12.22022
12.34911
12.25125
12.30449
12.22022
12.09151
12.16485
12.18875
12.42861
12.32691
12.29696
11.88288
12.18081
12.14876
12.26659
12.23579
12.39283
12.37836
12.007
12.20455
12.30449
12.19666
12.14876
12.25125
12.0412
12.36378
12.2124
12.16485
12.20455
12.10802
12.28183
12.22022
12.0327
12.09151
12.16485
12.0156
12.17284
12.23579
12.0581
12.19666
12.24353
11.94583
12.34911
12.12441
12.14876
12.09978
12.24353
12.28183
12.25893
12.24353
12.34174
12.0412
12.09151
12.17284
12.10802
12.31946
12.14067
12.09151
12.10802
11.93695
12.24353
12.25893
12.0412
12.22022
12.17284
12.25125
12.16485
11.90106
12.14876
12.11623
12.15682
12.12441
12.09978
12.11623
12.24353
12.25125
12.13256
12.13256
12.13256
12.0665
12.28183
12.14067
12.27422
12.14067
12.0581
12.25893
12.26659
12.30449
12.22802
12.48465
12.2124
12.32691
12.2124
12.18081
12.22022
12.18875
12.37108
12.32691
11.78013
12.2124
11.92803
12.18875
12.12441
12.007
12.09978
12.37836
12.02417
12.24353
11.96348
12.16485
11.9897
12.0665
12.39283
12.14067
12.17284
12.40003
12.09978
12.0327
12.0581
12.30449
12.27422
12.24353
11.981
12.27422
12.31199
12.34911
12.41437
12.16485
12.40003
12.29696
12.14067
12.15682
12.18081
12.13256
12.29696
12.33434
11.90106
12.14067
12.25125
12.09978
12.0156
12.43569
12.19666
12.14067
12.07487
12.13256
12.26659
12.04967
12.24353
12.51214
12.31199
12.0581
12.17284
11.82744
12.0832
11.93695
12.29696
12.35646
12.18081
12.16485
12.37836
12.11623
12.0832
12.04967
12.0665
11.91009
12.2124
11.91908
11.79918
12.09151
12.10802
12.23579
11.91009
12.0327
12.22022
12.0412
12.24353
12.0665
12.09978
12.34911
12.10802
12.11623
12.4638
12.0665
12.0581
12.0156
12.14876
12.20455
12.13256
12.0327
12.25893
12.27422
11.99837
12.14876
12.16485
12.04967
12.12441
12.32691
12.0327
12.17284
11.99837
12.36378
12.22022
11.93695
12.10802
12.31946
12.14067
12.02417
12.14876
11.97226
12.007
12.29696
12.19666
11.91009
12.25893
12.14876
12.13256
12.2124
12.17284
12.07487
12.28183
11.91009
12.25125
12.0412
12.12441
12.12441
12.24353
11.87374
12.16485
12.20455
12.12441
12.09978
12.26659
12.19666
12.15682
11.97226
12.07487
12.35646
12.19666
12.0832
12.007
12.09978
12.28183
12.18875
12.39283
12.07487
12.11623
12.34174
12.0412
12.28183
12.0156
12.11623
12.18875
12.28941
11.71211
12.18081
12.22802
12.10802
12.15682
11.97226
11.76091
12.0412
11.94583
11.87374
12.09978
12.19666
12.27422
12.02417
11.88288
11.79918
12.25125
12.09978
11.91009
12.14876
12.32691
12.04967
12.18875
12.31199
12.37108
12.25893
12.24353
12.31199
12.37108
12.0581
12.44979
12.24353
12.16485
11.87374
12.0327
11.97226
12.0832
12.12441
12.11623
11.96348
11.981
12.18875
11.85534
12.0156
11.94583
11.93695
12.18875
12.04967
12.0412
11.87374
12.27422
12.25893
11.82744
11.89199
12.16485
12.10802
12.007
11.981
12.0327
12.09151
12.18875
11.96348
12.04967
12.23579
11.84608
12.02417
12.02417
12.04967
12.34174
12.09151
11.95468
12.20455
12.15682
12.28183
12.28941
11.97226
12.16485
12.23579
12.007
12.16485
11.981
11.87374
11.83678
12.07487
11.91908
12.23579
12.18875
12.38561
12.10802
12.04967
11.96348
12.17284
11.92803
12.0581
12.25125
12.12441
12.11623
12.23579
12.18081
11.90106
11.78967
12.18081
12.2124
12.0327
11.96348
12.19666
12.23579
12.0665
12.27422
12.22802
12.12441
12.02417
11.82744
12.09978
12.22022
12.12441
11.91009
11.76091
12.16485
11.94583
12.19666
12.23579
12.15682
11.73176
11.94583
12.16485
12.38561
11.9897
11.9897
12.09151
12.13256
12.17284
12.35646
12.0581
11.9897
11.93695
11.82744
12.17284
11.9897
12.13256
12.15682
12.17284
12.10802
11.77054
11.79918
12.12441
11.82744
12.20455
12.17284
12.32691
11.97226
12.16485
11.91908
12.07487
12.27422
12.0832
12.07487
11.981
12.18081
12.25893
11.89199
12.14067
12.16485
11.86456
12.13256
11.99837
12.22802
12.0327
12.40003
12.04967
11.96348
12.27422
12.36378
12.007
12.18081
12.22022
11.79918
11.87374
12.19666
12.04967
12.22022
11.94583
12.14067
12.0581
11.89199
11.79918
12.14067
11.92803
12.24353
11.97226
12.23579
11.97226
11.92803
12.23579
12.12441
12.16485
12.10802
12.18875
12.19666
11.89199
11.981
11.91908
12.17284
12.13256
12.09151
12.14067
12.34174
12.007
12.11623
12.02417
12.14876
12.24353
11.92803
12.007
12.23579
11.86456
12.09978
12.37108
12.16485
11.78967
12.02417
12.02417
12.16485
12.0665
11.99837
12.02417
12.13256
11.87374
11.83678
12.0581
12.0327
11.99837
12.11623
11.981
11.95468
12.13256
12.02417
12.0665
12.07487
11.89199
11.95468
12.16485
12.12441
11.92803
12.13256
11.91908
11.88288
12.0581
12.34911
12.12441
12.31199
12.09978
11.94583
11.91908
12.20455
12.14876
12.16485
11.9897
12.14067
12.0665
11.87374
12.13256
11.88288
11.75124
12.007
12.29696
11.90106
12.16485
11.78967
12.0581
12.09151
11.9897
12.10802
11.89199
12.12441
11.9897
11.97226
12.12441
12.14876
12.0665
12.11623
11.93695
12.07487
12.0327
12.0156
11.94583
11.87374
11.92803
11.82744
11.97226
12.04967
11.9897
12.15682
12.22022
12.10802
12.07487
12.14876
12.23579
12.42861
11.92803
11.97226
12.30449
11.91908
12.15682
12.22802
12.0665
12.2124
11.74152
12.14876
11.78967
12.0327
11.78967
12.14876
12.19666
12.4215
12.16485
11.92803
11.93695
12.02417
11.87374
12.24353
11.94583
11.91009
12.07487
12.16485
11.9897
11.87374
11.94583
12.0832
12.15682
12.15682
12.14067
12.37108
12.0665
12.02417
12.007
12.0412
11.99837
12.13256
12.0327
11.89199
12.12441
11.9897
12.43569
11.78013
12.0581
11.78967
12.14067
12.2124
12.26659
12.14067
12.18875
11.91009
12.11623
12.007
11.91908
12.07487
11.92803
12.0665
12.14067
11.99837
12.0665
11.81806
12.11623
11.97226
11.71211
12.07487
11.95468
11.86456
12.18081
12.07487
11.88288
12.0412
11.96348
12.0327
12.0327
11.86456
12.14067
11.83678
12.24353
11.981
12.22802
11.96348
11.80864
11.85534
12.07487
11.95468
12.14876
11.90106
12.13256
11.99837
12.09978
12.0412
12.2124
12.14876
11.78967
12.2124
11.71211
12.15682
12.18081
12.31199
11.9897
12.19666
12.29696
12.09151
11.9897
11.78013
12.19666
11.93695
12.0832
11.92803
12.09151
11.93695
12.0665
12.35646
12.0581
11.91908
11.97226
11.95468
11.87374
11.9897
11.82744
11.76091
12.0581
11.94583
11.96348
12.0832
12.0581
12.09151
12.02417
12.0412
12.17284
12.13256
12.14876
12.18081
11.93695
11.981
11.94583
11.92803
11.96348
12.0156
11.83678
11.78013
12.11623
11.90106
12.007
12.25893
12.32691
11.92803
11.95468
12.02417
12.20455
11.6419
11.99837
12.0832
12.07487
11.91908
11.981
12.07487
11.83678
11.78013
12.04967
11.96348
12.02417
12.14067
11.97226
11.91908
12.0156
11.86456
11.85534
12.07487
11.96348
12.04967
12.09978
12.0832
12.0665
12.0412
12.11623
12.19666
11.97226
12.18081
11.90106
11.77054
12.007
11.88288
12.12441
11.80864
11.84608
12.0581
11.99837
12.007
12.007
12.14876
11.69228
11.96348
11.88288
12.12441
11.65207
11.99837
11.9897
12.09151
11.78967
11.89199
11.91908
11.981
12.0581
11.981
11.94583
11.81806
11.97226
12.24353
12.0581
12.15682
12.04967
11.97226
11.85534
12.0156
12.007
11.88288
11.85534
11.88288
11.9897
12.007
12.09151
12.07487
11.93695
11.90106
11.91009
12.14876
11.87374
11.90106
12.29696
12.07487
12.12441
12.14067
12.02417
12.18081
12.22802
12.0665
11.96348
11.97226
12.12441
12.10802
11.92803
11.9897
11.99837
11.94583
12.11623
11.82744
12.07487
12.0832
12.09151
11.92803
11.9897
12.0156
11.6111
11.92803
11.89199
11.86456
12.0156
12.04967
12.14876
11.87374
11.79918
12.12441
11.81806
12.0327
11.96348
11.90106
11.81806
12.07487
12.14067
11.89199
11.92803
11.981
12.12441
11.85534
11.96348
11.88288
11.73176
12.0327
11.84608
11.60073
11.78013
11.9897
11.94583
11.96348
12.0412
11.90106
11.81806
11.76091
12.0327
12.0832
12.04967
12.23579
11.95468
11.78967
11.96348
11.94583
11.86456
12.0327
11.80864
15.37773
17.45681
18.02437
18.19942
17.58532
14.40407
10.71507
10.95166
10.76144
10.86593
12.09151
13.83949
14.49088
14.72488
14.25629
11.85534
10.28452
10.53605
10.02161
10.10595
10.26539
10.50185
10.30349
10.12653
10.24609
9.95613
9.79521
10.79181
10.48455
10.53605
10.37773
10.16712
10.24609
10.39591
10.37773
10.37773
9.91136
10.30349
10.65167
10.41393
10.30349
10.32229
10.39591
10.08517
9.93386
10.46711
10.12653
10.58636
10.26539
10.30349
10.39591
10.46711
10.55295
10.56972
10.08517
10.16712
10.55295
10.12653
10.30349
10.14692
10.55295
10.50185
10.46711
10.50185
10.18713
10.56972
9.97818
10.18713
9.91136
10.18713
10.39591
10.35941
10.32229
10.53605
10.16712
10.043
10.32229
9.97818
10.32229
10.08517
10.28452
10.10595
10.82176
10.35941
9.91136
10.28452
10.20696
10.12653
10.32229
10.26539
10.7461
10.14692
10.66769
10.66769
10.46711
10.26539
10.35941
10.24609
10.51902
10.22661
10.24609
10.55295
10.20696
10.44953
10.37773
10.37773
10.28452
10.26539
10.30349
10.46711
10.32229
10.63552
10.73064
10.12653
10.08517
10.26539
10.73064
10.6994
10.63552
10
10.18713
10.37773
10.28452
10.34093
10.10595
10.12653
10.48455
10.41393
10.41393
10.22661
10.37773
10.30349
10.32229
10.26539
10.46711
10.39591
9.91136
10.16712
10.63552
10.39591
10.65167
10.18713
10.39591
10.16712
10.24609
10.34093
10.06419
10.46711
10.32229
10.37773
10.28452
10.16712
10.12653
10.44953
10.28452
10.32229
10.86593
10.26539
10.51902
10.14692
10.44953
10.18713
10.63552
10.46711
10.4318
10
10.30349
10.20696
9.86564
10.28452
10.4318
10.06419
10.35941
10.18713
10.10595
10.14692
10.22661
10.44953
10.10595
10.26539
10.26539
10.41393
10.61926
10.26539
10.58636
10.20696
10
10.44953
10.02161
10.39591
10.32229
10.16712
10.34093
9.93386
10.41393
10.39591
10.30349
10.60287
10.24609
10.56972
10.20696
10.50185
10.16712
10.06419
10.10595
10.20696
10.46711
10.18713
10.41393
9.93386
10.26539
10.24609
10.30349
10.22661
10.7461
10.26539
10.4318
10.16712
10.37773
10.82176
10.41393
10.4318
10.20696
10.043
10.16712
10
10.08517
10.26539
10.30349
10.06419
10.16712
10.22661
10.48455
10.56972
10.37773
10.22661
10.02161
10.18713
10.28452
10.26539
10.51902
10.28452
10.32229
10.53605
10.08517
10.16712
10.4318
10.35941
10.60287
10.46711
10.043
10.26539
10.02161
10.50185
10.28452
10.28452
10.34093
10.26539
10.37773
10.043
10
9.95613
9.86564
9.97818
9.95613
9.91136
10.63552
10.32229
10.043
10.51902
9.91136
10.24609
10.08517
10.37773
10.26539
10.44953
10.22661
10.37773
10.12653
10.30349
10.06419
10.32229
9.88862
10.37773
10.56972
10.28452
10.14692
9.95613
10.37773
10.08517
10.24609
10.22661
10.18713
10.24609
10.37773
10.34093
10.34093
10.60287
10.39591
10.66769
10.30349
10.41393
10.22661
10.37773
10.7461
10.22661
10.66769
10.18713
10.61926
9.93386
10.50185
10.20696
10.14692
10.34093
10.32229
10.16712
10.34093
10.20696
10.30349
9.95613
10.53605
10.02161
10.24609
9.88862
10.12653
9.88862
9.86564
10.56972
10.28452
10.61926
10.41393
10.48455
10.043
10.26539
9.74695
9.59539
10.06419
10.35941
10.06419
10.30349
10.08517
10.28452
9.88862
10.34093
10.41393
10.39591
10.12653
10.16712
10.08517
9.88862
10.37773
10.35941
10.20696
10.53605
9.95613
9.97818
10.20696
10.10595
10.18713
10.08517
10.043
10.66769
10.06419
10.043
10.28452
10.02161
10.24609
9.97818
10.20696
10.18713
9.84241
10.20696
9.93386
10.4318
10.35941
10.22661
10.18713
10.32229
10.08517
10.41393
10.35941
10.16712
10.32229
10.41393
10
10.35941
10.10595
10.41393
10.22661
10.02161
10.06419
10.39591
10
10.20696
10.28452
10.37773
10.28452
10.08517
10.41393
10.39591
10.26539
10.34093
9.93386
9.91136
10.37773
10.16712
10.53605
10.10595
10.20696
10.30349
10.02161
10.65167
10.39591
10.50185
10.65167
10.18713
10.41393
10.50185
10.4318
10.34093
10.043
10.18713
10.043
10.12653
10.30349
10.043
10.53605
10.14692
10.32229
10.18713
9.91136
10.26539
10.24609
10.35941
10.08517
10.043
10.18713
10.28452
9.79521
10.18713
10.06419
10.02161
10.16712
9.97818
10.16712
9.88862
10.53605
10.12653
10.32229
10.56972
9.59539
10.14692
10.39591
10.22661
10.12653
10.18713
10.56972
9.88862
10.16712
10.56972
9.72241
10.20696
10.44953
9.81894
10.44953
10.18713
10.28452
10.32229
10
10.4318
10.39591
10.44953
10.41393
9.95613
10.28452
10.32229
10.14692
10.37773
10.18713
10
10.34093
10.34093
10.14692
10.58636
10.35941
10.32229
10.22661
10.24609
10.65167
10.08517
10.14692
9.91136
10.53605
10.22661
10.043
10.32229
10.48455
10.34093
9.95613
10.37773
9.91136
9.86564
10.10595
10
10.39591
10.18713
10.44953
10.35941
10.37773
9.56907
10.08517
10.26539
10.28452
9.93386
10.16712
10.4318
9.97818
10.32229
10.32229
10.4318
10.44953
9.93386
10.14692
10.18713
10.14692
9.95613
9.74695
10.35941
10.46711
10.55295
10.30349
10.35941
9.86564
10.60287
10.34093
9.84241
10.16712
10.37773
9.95613
10.34093
10.18713
10.18713
9.97818
10.32229
10.32229
9.95613
10.06419
9.88862
10.12653
10.30349
10.24609
10.20696
10.10595
10.16712
10.48455
10.32229
10.20696
10.34093
10.16712
10.20696
10.043
10.18713
10.18713
10.34093
9.91136
10.39591
10.37773
10.60287
9.72241
10.10595
10.12653
10.02161
10.16712
10.26539
10.34093
10.10595
9.95613
10.32229
10.02161
10.02161
10.14692
10.24609
10.02161
9.95613
10.30349
10.55295
10.28452
10.06419
10.18713
10.24609
10.35941
9.86564
10.35941
10.08517
10.24609
10.18713
10.12653
10.51902
10.37773
10.35941
10.02161
10.02161
10.24609
10.02161
9.91136
10.35941
10.12653
10.18713
10.20696
10.18713
10.22661
10.39591
10.20696
10.4318
10.4318
10.32229
10.20696
10.10595
10.30349
10.35941
10.14692
10.51902
9.77121
10.16712
10.12653
10.24609
10.51902
10.08517
9.97818
10.06419
10.02161
10.35941
10.18713
10.26539
10.30349
10.14692
10.22661
10.39591
10.14692
10.22661
10.18713
10.043
9.88862
10.26539
10.4318
10.14692
10.30349
10.12653
10.24609
10.55295
10.30349
10.14692
9.88862
10.20696
10.12653
10.02161
10.24609
10.35941
10.35941
10.83659
10.28452
10.24609
9.91136
10.043
10.14692
10.18713
9.86564
10.37773
10.16712
10.16712
10.34093
10.28452
10.12653
10.22661
10.32229
10.32229
9.72241
10.16712
10.043
9.95613
9.84241
10.30349
10.46711
10.02161
10.53605
10.08517
10.55295
10.12653
10.34093
10.06419
10.043
9.88862
10.30349
10.28452
9.81894
10.10595
10.28452
10.22661
9.95613
10.16712
10.06419
10.39591
10.08517
9.97818
10.26539
9.84241
10.44953
10.06419
10.22661
10.08517
10.043
10.06419
10.24609
10.10595
10.18713
10.41393
10.12653
9.91136
10.043
10.043
10
9.46047
10.28452
10.26539
10.043
10.24609
10.26539
9.59539
10.37773
10.06419
10.34093
10.12653
9.84241
10.35941
10.22661
10.06419
10.24609
10.34093
10.20696
9.86564
10.18713
10.20696
10.06419
10.34093
10.16712
10.30349
10.34093
10.043
10.28452
10.22661
10.24609
10.41393
10.06419
10.26539
9.88862
9.95613
10.10595
10.76144
10.08517
10.39591
10.20696
10.14692
10.16712
10.55295
9.93386
10.28452
9.97818
10.30349
10.24609
9.88862
10.043
9.95613
10.39591
10.16712
10.10595
10.37773
10.22661
9.93386
10.16712
10.46711
10.10595
10.10595
9.84241
9.64709
10.10595
10.08517
10.16712
10.37773
10.24609
10.12653
10.32229
10.26539
9.74695
9.77121
10.18713
10.043
10.50185
10.28452
9.97818
10.20696
10.30349
10.4318
10.18713
9.72241
10.10595
9.93386
9.93386
10.37773
10.20696
10.22661
10.06419
10.34093
9.72241
10.14692
10.32229
10.10595
10.16712
10.20696
10
10.35941
10
9.84241
10.043
10.18713
10.39591
10.06419
10
9.88862
10.14692
10.18713
10.28452
9.88862
10.16712
9.79521
10.16712
9.95613
10.18713
10.65167
9.97818
9.88862
9.93386
10
9.46047
10.16712
10.20696
10.30349
10
10.14692
10.34093
10.4318
10.24609
10.02161
10.02161
9.95613
10.30349
10.39591
10.14692
10.10595
10.51902
10.18713
9.81894
10.41393
10.22661
10.18713
9.97818
10.08517
10.41393
9.6214
10.12653
9.93386
10.30349
9.97818
10.22661
10.10595
10.37773
10.16712
10.28452
9.88862
10.20696
10.18713
9.86564
10.12653
10.37773
9.91136
9.97818
10.06419
9.59539
10
10.16712
10.44953
10
9.95613
10.28452
9.79521
10.20696
10.18713
10.02161
9.91136
10.18713
10.16712
10.28452
10.24609
10.08517
10.32229
10.24609
10.10595
9.74695
9.6214
10.14692
9.88862
10.26539
10.06419
10.12653
10.39591
10.10595
10.16712
10.32229
10.4318
10.35941
9.81894
10
10.41393
9.64709
10
10.18713
10.16712
10.26539
9.88862
10.26539
9.84241
10.08517
9.93386
9.88862
10.26539
10.12653
10.18713
10.08517
10.10595
10.4318
9.74695
9.77121
10.24609
9.51545
10.30349
9.97818
9.84241
10.20696
9.95613
10.37773
10.08517
9.64709
10.02161
10.20696
10.06419
10.12653
10.14692
10.02161
10.28452
10.39591
10.10595
9.6214
10.10595
10.16712
10.32229
10.22661
10.14692
10.37773
10.6836
9.86564
9.88862
9.97818
10.16712
10.26539
10.06419
10.14692
10.18713
10.02161
10.10595
10.06419
10.043
10.24609
9.93386
10.22661
9.81894
10.18713
10.14692
10.10595
9.97818
9.86564
10.12653
10.30349
10.66769
10.28452
10.10595
10.26539
10.24609
10.06419
10.06419
10.4318
10.14692
9.88862
10.043
10.18713
10.24609
10.34093
10.06419
10.10595
10
9.67249
9.93386
9.97818
10
10.02161
10.06419
10.28452
9.84241
9.91136
10.12653
9.77121
10.32229
9.88862
10.35941
10
10.24609
10.26539
10.08517
10.26539
10.44953
10.26539
9.97818
10.24609
10.53605
9.88862
10.53605
10.55295
9.93386
10.14692
10.10595
10
10.34093
9.95613
9.91136
10.37773
10.08517
10.16712
9.95613
9.81894
10.12653
9.64709
10.06419
10.20696
10.24609
10.02161
10.44953
10.32229
10.06419
9.48814
9.95613
9.97818
10.39591
9.84241
10.10595
10.043
10.043
10.22661
9.91136
9.59539
10.12653
10.32229
10.10595
10.14692
10.14692
10.10595
10.20696
10.06419
10.34093
10.043
9.48814
10.10595
10.55295
10.34093
9.91136
9.86564
10.4318
10.14692
10.20696
10.44953
9.79521
10.30349
10
10.02161
10.10595
9.91136
9.77121
10.34093
10.06419
10.043
9.72241
10.06419
10.14692
9.77121
10.16712
10.24609
10.18713
9.93386
10.22661
10.12653
9.97818
10.06419
10.14692
9.91136
10.41393
10.6836
10.22661
9.6214
10
9.86564
10.12653
10
9.86564
10.24609
10.35941
9.84241
9.84241
9.81894
10.20696
9.97818
9.72241
10.10595
9.86564
10.043
9.81894
10.20696
10
10.37773
9.81894
10.16712
10.28452
10.02161
10.46711
10.043
9.84241
9.86564
9.74695
10.32229
10.12653
10.06419
10.24609
9.97818
10.08517
10.41393
9.93386
9.56907
10.043
10.41393
10.08517
10
10.35941
10.14692
9.86564
9.79521
10.02161
10.18713
10.08517
10.02161
10.26539
10.06419
9.81894
10.22661
10.46711
9.79521
9.91136
9.67249
10.10595
9.6214
10.043
9.93386
10.12653
10.08517
9.93386
9.93386
9.93386
9.6214
10
10.08517
10.08517
10
10.08517
10.043
10.50185
10.08517
9.84241
10.22661
10.18713
9.79521
9.93386
9.72241
10.20696
10.02161
10
10.50185
10.26539
10.24609
10
9.6976
10.08517
10
9.88862
9.86564
10.12653
10.20696
9.88862
10.10595
9.97818
10.18713
10.043
9.84241
9.93386
10.02161
9.77121
9.91136
10.18713
9.72241
10.22661
10.24609
9.95613
9.79521
9.59539
10.14692
9.74695
10.10595
9.97818
9.88862
10.08517
10.32229
9.95613
10.34093
9.74695
9.93386
10.08517
10.53605
10.14692
9.81894
10.44953
9.81894
10.12653
9.72241
10.14692
9.88862
9.86564
10.12653
9.86564
10.06419
10.08517
10.32229
9.72241
10.08517
9.86564
10.20696
9.79521
9.64709
9.91136
9.97818
9.84241
9.77121
10.043
9.93386
10.37773
10.34093
10.12653
10.24609
10.28452
10.06419
9.95613
10.043
10.34093
9.48814
9.72241
9.95613
10.30349
10.34093
9.91136
10.02161
9.97818
9.77121
10.20696
10.06419
9.79521
10.12653
10
10.12653
10.10595
9.91136
10.10595
9.84241
10.02161
9.88862
10.02161
10.30349
10.02161
10.06419
9.86564
9.86564
9.84241
9.93386
10.28452
10.14692
10.28452
10.28452
9.51545
10.12653
10.10595
9.88862
10.02161
10.53605
9.81894
10.18713
10.51902
9.86564
10.06419
9.93386
9.64709
9.95613
9.81894
9.67249
10.30349
10.20696
10.10595
9.81894
10.12653
9.6976
10.16712
10.12653
9.93386
9.72241
10
10.14692
9.64709
9.95613
10.50185
10.10595
10.39591
9.67249
9.97818
9.93386
10.10595
9.77121
10.39591
10.16712
10.28452
9.91136
9.91136
9.59539
10.06419
9.77121
10.12653
10.32229
9.56907
9.64709
10.16712
9.64709
10.16712
9.51545
10.34093
10.12653
10.08517
10.043
9.95613
9.91136
9.72241
10.22661
9.81894
10.26539
9.56907
9.77121
9.88862
10.16712
9.79521
9.86564
9.95613
10.08517
9.79521
10.14692
9.95613
9.34616
9.48814
10.02161
10.10595
10.14692
9.97818
10.26539
9.67249
10.02161
10.34093
10.20696
9.67249
10.18713
9.43245
10.51902
10.18713
9.77121
9.97818
9.79521
10.22661
9.46047
10.20696
10.20696
10.06419
10.16712
10
9.77121
9.95613
10.043
10.35941
9.88862
10.46711
9.97818
10.06419
10.06419
9.77121
9.88862
10.08517
9.97818
10.043
10.14692
9.88862
9.88862
10.32229
9.77121
9.77121
9.46047
10.043
9.88862
9.51545
9.91136
9.59539
10.22661
10
10.08517
9.93386
9.74695
9.48814
9.79521
10.22661
10
10.22661
9.93386
9.93386
9.74695
10.20696
10.34093
9.88862
10
9.46047
10.16712
10.043
10
9.91136
10
9.84241
9.91136
10.14692
9.95613
9.6976
10.56972
9.48814
10.12653
10.16712
9.72241
9.72241
9.77121
10.043
10.08517
10.12653
10.18713
10.02161
10.32229
9.48814
9.86564
10.20696
9.95613
10.02161
9.93386
10
9.79521
9.95613
10.14692
9.86564
9.86564
9.95613
9.81894
9.72241
10.18713
9.67249
9.95613
10.34093
9.6214
9.43245
10.20696
9.72241
9.6976
9.48814
10.14692
10
9.91136
9.81894
9.93386
10.28452
9.88862
9.84241
10.06419
9.46047
10.12653
9.31661
9.86564
10.16712
10.16712
9.93386
9.77121
9.95613
10
9.84241
9.67249
10.28452
9.79521
9.74695
10.14692
10
9.95613
9.84241
9.88862
9.95613
9.79521
10.08517
9.93386
10.06419
9.93386
9.6976
10.06419
10.14692
10.44953
10.28452
10.043
10.14692
10.10595
9.86564
9.95613
9.97818
9.88862
10.06419
9.74695
9.56907
10.16712
9.93386
10.20696
9.84241
9.6976
9.97818
9.91136
10.08517
10.06419
10.10595
9.91136
10
10.16712
9.74695
10.28452
9.59539
9.81894
9.84241
9.86564
9.86564
9.88862
10.16712
10.08517
10.12653
9.86564
10.02161
9.51545
9.79521
9.95613
9.91136
10.08517
9.56907
9.72241
9.54243
9.74695
10.12653
10.08517
10.22661
9.64709
9.84241
10.06419
10.08517
10.10595
10.14692
9.86564
10.043
9.95613
9.59539
9.64709
9.56907
9.74695
10.16712
9.79521
9.59539
9.6976
9.84241
9.6214
10.12653
10.16712
9.77121
9.6214
10.14692
9.91136
10.02161
9.97818
10.18713
10.22661
9.84241
10.08517
10.06419
9.88862
9.95613
9.88862
9.72241
10.22661
9.54243
9.88862
9.86564
9.64709
10.44953
9.95613
9.28666
9.97818
10.06419
9.77121
9.72241
9.88862
10.18713
9.67249
9.91136
9.88862
10.06419
10
10.043
9.97818
9.95613
9.88862
10
9.91136
9.88862
9.97818
10.35941
9.95613
9.84241
9.79521
10.02161
9.72241
9.77121
10.02161
9.6214
10.24609
10.10595
10.06419
9.86564
9.59539
9.77121
10.14692
10.39591
9.93386
9.79521
10.30349
9.95613
9.88862
9.81894
9.77121
9.74695
10.16712
9.72241
9.56907
9.97818
9.72241
10.02161
10
9.93386
9.77121
10.12653
10.02161
9.91136
10.16712
10.02161
9.77121
9.95613
10.06419
10.08517
9.79521
9.97818
9.77121
9.81894
9.6214
9.48814
10
9.74695
10.043
9.84241
10
9.91136
9.84241
10.16712
9.86564
9.97818
9.81894
9.86564
9.72241
9.91136
9.97818
9.54243
9.88862
9.79521
9.72241
10.22661
9.6214
10.16712
9.6214
9.6976
10.22661
9.54243
10.043
10.20696
9.91136
10.32229
9.79521
9.59539
9.95613
9.59539
9.56907
9.86564
9.6976
9.59539
9.81894
9.64709
9.91136
9.72241
9.91136
10.06419
10
10.10595
9.6976
9.95613
10.12653
10.28452
10.12653
9.91136
9.88862
10.20696
9.59539
10.08517
9.81894
9.6976
9.86564
9.09772
10
10.02161
9.72241
10.35941
9.79521
10.02161
9.97818
9.91136
9.51545
9.72241
9.86564
9.67249
10.39591
9.64709
10.20696
9.97818
10.18713
9.51545
10.28452
9.51545
10
9.91136
9.46047
10
9.54243
9.86564
9.56907
9.77121
9.81894
9.79521
9.6214
9.59539
9.72241
10.043
10.043
10.20696
10.06419
10.16712
10
9.56907
9.40407
9.86564
9.37531
9.34616
9.54243
10.20696
9.97818
10.14692
9.67249
9.86564
9.6976
9.64709
9.34616
9.74695
9.91136
9.84241
9.84241
9.40407
10.02161
9.77121
9.43245
9.54243
9.84241
10.06419
10
10.02161
10.08517
10.12653
9.91136
9.88862
9.91136
9.81894
10.043
9.6214
9.54243
9.77121
9.48814
10.08517
9.56907
9.84241
9.86564
9.43245
9.6976
10.18713
9.72241
9.79521
9.86564
9.74695
10
9.74695
9.95613
9.88862
9.97818
9.84241
10.043
9.6976
9.6214
10.043
9.88862
9.67249
10.32229
9.81894
10.10595
9.64709
9.88862
9.84241
9.54243
9.77121
9.72241
10.10595
9.91136
9.84241
10.14692
9.64709
10.32229
9.67249
10.10595
9.51545
10.02161
9.77121
9.91136
9.77121
9.91136
9.51545
9.31661
9.93386
9.97818
9.95613
9.72241
9.81894
9.74695
9.56907
9.77121
9.74695
9.86564
10.24609
9.97818
9.6976
9.79521
9.91136
9.67249
9.74695
10.043
9.64709
9.81894
9.84241
9.19425
9.79521
9.72241
9.6976
9.31661
9.81894
9.72241
9.97818
9.74695
9.79521
10.32229
9.91136
9.95613
9.56907
10.10595
9.88862
9.37531
10.12653
9.74695
9.79521
9.86564
9.86564
9.97818
10.06419
9.59539
9.6214
10.10595
9.97818
9.6976
9.81894
10.16712
9.74695
9.31661
10
9.95613
10.10595
9.43245
10.02161
9.84241
9.93386
9.81894
9.97818
10
9.77121
9.88862
9.91136
9.56907
10.10595
10.14692
10.06419
9.72241
9.67249
9.84241
10
9.86564
9.77121
9.81894
9.59539
10
9.77121
10.18713
9.88862
9.79521
9.67249
9.91136
9.91136
9.91136
9.95613
10.043
9.77121
9.84241
10
9.74695
9.97818
9.67249
9.77121
9.81894
9.81894
10.10595
10.02161
9.93386
10
9.31661
10.02161
10.14692
9.93386
9.77121
9.74695
9.54243
10.20696
10
9.91136
9.84241
10.26539
9.93386
10.02161
9.54243
9.97818
9.95613
9.43245
10.02161
10
10.06419
9.54243
9.64709
9.67249
9.56907
10.18713
9.28666
9.91136
9.48814
9.67249
10.043
9.74695
9.88862
9.91136
9.54243
9.91136
9.88862
9.6976
9.46047
9.97818
9.6214
10.06419
9.79521
9.84241
10.02161
9.95613
10.12653
9.67249
10.08517
10.20696
9.74695
9.86564
9.84241
10.06419
9.37531
10.02161
9.91136
9.88862
9.6214
9.56907
9.67249
10.02161
9.95613
9.97818
9.67249
9.40407
9.77121
9.95613
9.67249
10.37773
9.91136
10.02161
9.86564
9.59539
9.77121
9.59539
9.74695
9.59539
9.13037
9.97818
9.74695
9.81894
9.74695
9.56907
9.51545
10.06419
9.6976
9.97818
9.48814
9.40407
10.02161
9.95613
10.08517
10.10595
9.46047
9.84241
10.02161
9.40407
9.28666
9.95613
9.48814
10.30349
9.43245
9.6214
9.72241
9.40407
9.91136
9.88862
9.93386
9.72241
9.93386
9.91136
9.67249
9.6214
9.6214
10.18713
9.6976
10
9.77121
9.59539
9.56907
9.51545
10.02161
9.86564
9.95613
9.40407
9.79521
9.6214
9.93386
9.81894
10
9.81894
9.84241
9.56907
9.72241
9.48814
9.97818
9.97818
9.67249
9.6214
9.77121
9.56907
10.043
9.93386
9.86564
9.74695
10.24609
9.88862
9.37531
9.56907
10.08517
9.37531
9.97818
9.56907
9.91136
9.77121
9.91136
9.81894
9.59539
9.56907
9.25629
9.74695
9.81894
9.79521
9.40407
9.93386
9.84241
10
9.64709
9.59539
9.93386
9.31661
9.74695
9.79521
9.64709
10.02161
9.6214
9.88862
9.43245
9.54243
9.88862
9.84241
9.81894
9.79521
10
9.59539
10
9.6976
9.64709
9.40407
9.77121
9.86564
9.79521
9.59539
9.40407
9.64709
9.79521
10
9.74695
9.6976
9.97818
9.88862
10
10.02161
9.54243
9.43245
9.84241
10.18713
10.02161
9.64709
9.81894
9.79521
9.86564
9.25629
9.91136
9.81894
9.93386
9.43245
9.91136
9.88862
9.43245
10.06419
9.59539
9.74695
9.81894
9.91136
9.91136
10
9.56907
9.56907
9.46047
10.043
9.51545
9.95613
9.81894
9.56907
9.64709
10
9.91136
9.72241
9.6214
9.74695
10
9.34616
9.6976
9.56907
9.93386
9.25629
9.84241
9.54243
9.64709
9.95613
9.74695
10.06419
9.97818
9.67249
9.77121
9.74695
9.59539
9.46047
9.81894
9.46047
9.93386
9.37531
10
9.79521
9.91136
9.56907
9.43245
9.81894
9.93386
9.59539
9.77121
9.81894
9.34616
9.09772
9.74695
9.79521
9.6214
9.88862
9.79521
9.64709
9.97818
9.93386
9.48814
9.43245
10.14692
9.16254
9.25629
9.91136
9.40407
9.97818
9.93386
9.88862
9.54243
9.86564
10.02161
10.14692
9.6976
9.72241
9.64709
9.74695
9.40407
9.54243
9.43245
9.77121
9.77121
9.84241
9.48814
9.56907
9.6214
9.81894
9.72241
9.81894
9.56907
9.95613
9.72241
9.86564
9.79521
9.74695
9.31661
9.86564
9.37531
9.74695
9.46047
10
9.79521
9.59539
9.67249
10.08517
9.88862
9.56907
9.56907
9.88862
8.96196
9.48814
9.6214
9.72241
9.88862
9.67249
9.51545
10
9.67249
9.54243
10.16712
9.59539
9.6214
9.77121
10.02161
9.6214
9.31661
9.40407
9.0309
10.02161
10.08517
9.25629
9.95613
9.91136
9.34616
9.64709
9.64709
9.84241
9.56907
9.81894
9.84241
9.6976
10.02161
9.84241
9.6976
9.43245
9.56907
9.77121
9.37531
9.77121
9.6976
9.79521
10.16712
9.6976
9.6976
9.81894
9.64709
9.64709
9.81894
9.81894
9.48814
9.54243
9.84241
9.86564
9.77121
9.54243
9.59539
9.40407
10
9.56907
9.25629
9.97818
9.51545
9.67249
9.93386
9.64709
9.86564
9.43245
9.46047
10
9.91136
9.72241
9.51545
9.56907
9.86564
9.46047
9.97818
9.67249
9.64709
9.79521
9.74695
9.91136
9.40407
9.59539
9.56907
9.40407
9.84241
9.16254
9.59539
9.93386
9.84241
9.46047
9.51545
9.81894
10
9.93386
9.25629
9.91136
9.74695
9.6214
9.81894
9.77121
9.54243
9.54243
9.88862
9.59539
9.0309
9.59539
9.56907
9.97818
9.59539
9.88862
10.02161
9.74695
9.64709
9.64709
9.72241
9.74695
9.74695
9.74695
9.6976
9.74695
9.31661
9.19425
9.91136
9.46047
10.08517
9.64709
9.79521
9.67249
9.88862
9.67249
9.59539
9.46047
9.74695
10
10.02161
9.81894
9.77121
9.6976
9.31661
9.31661
9.72241
9.48814
9.25629
9.93386
10.043
9.86564
9.19425
9.72241
9.79521
9.74695
9.54243
9.40407
9.48814
9.43245
10.08517
9.95613
9.95613
9.74695
9.28666
9.93386
9.93386
9.79521
9.64709
9.84241
9.77121
9.84241
9.93386
9.56907
9.79521
9.88862
9.6214
9.46047
9.6976
9.64709
9.84241
9.54243
9.54243
9.59539
9.46047
8.62138
9.84241
9.64709
9.79521
9.81894
9.84241
9.91136
9.74695
9.84241
9.88862
9.77121
9.22549
9.13037
9.79521
9.93386
9.72241
9.95613
9.74695
9.56907
9.48814
9.91136
9.48814
9.64709
9.43245
9.48814
9.67249
9.6214
9.56907
9.93386
9.64709
9.48814
9.64709
9.46047
9.43245
9.74695
9.28666
9.95613
9.46047
9.74695
9.79521
10.06419
9.6976
9.97818
10.20696
9.74695
9.74695
9.72241
9.43245
9.72241
9.74695
9.84241
10.10595
9.43245
9.88862
9.6214
9.59539
9.91136
9.6976
9.64709
9.97818
9.28666
9.54243
9.51545
9.77121
10.12653
9.74695
9.40407
9.95613
9.59539
9.56907
9.81894
9.77121
9.81894
9.31661
10
9.91136
9.93386
9.51545
9.72241
9.72241
9.59539
9.28666
9.97818
9.34616
9.91136
9.72241
9.67249
9.67249
9.6214
9.28666
9.46047
9.56907
9.59539
9.59539
9.95613
9.86564
9.95613
9.88862
10.34093
9.19425
9.56907
9.95613
9.59539
10.043
9.54243
9.93386
9.88862
9.19425
9.77121
9.22549
9.56907
9.6214
9.74695
9.91136
9.64709
9.48814
9.88862
10.28452
9.93386
9.31661
9.95613
9.25629
9.64709
9.56907
9.81894
9.25629
9.28666
9.56907
9.77121
9.34616
9.0309
9.06457
9.59539
9.56907
9.86564
9.34616
9.54243
9.79521
9.72241
9.48814
9.72241
9.95613
9.59539
9.81894
9.67249
9.16254
9.37531
10
9.40407
9.28666
9.43245
9.64709
9.88862
8.96196
9.81894
9.19425
9.40407
9.88862
9.34616
9.16254
9.40407
9.72241
9.48814
9.84241
9.43245
9.46047
10.08517
9.06457
9.6214
9.6214
9.54243
9.79521
9.28666
9.31661
9.56907
9.64709
9.56907
9.6976
9.48814
9.56907
9.31661
9.64709
9.6214
9.59539
9.79521
9.31661
9.6976
9.64709
9.74695
8.85426
9.74695
9.81894
9.88862
9.22549
9.88862
9.91136
9.6214
9.25629
9.37531
9.84241
9.56907
9.72241
9.91136
9.25629
9.54243
9.79521
9.67249
8.9967
9.51545
9.59539
9.97818
10
9.56907
9.56907
9.54243
9.43245
9.28666
9.51545
9.6976
9.97818
10.20696
9.43245
9.64709
9.37531
9.59539
9.6976
9.64709
9.81894
9.43245
9.95613
9.64709
9.6214
9.84241
9.67249
9.6214
9.64709
9.77121
9.64709
9.51545
9.37531
9.72241
9.93386
9.54243
9.79521
9.79521
9.6976
9.93386
9.67249
9.37531
9.64709
9.46047
9.54243
9.54243
9.64709
9.91136
9.31661
9.93386
9.37531
9.93386
9.28666
9.6214
10.06419
9.72241
9.84241
9.13037
9.56907
9.6976
9.77121
9.31661
9.64709
9.86564
9.77121
9.43245
9.74695
9.40407
9.37531
9.72241
9.86564
9.67249
9.37531
9.84241
9.51545
9.6214
9.86564
9.72241
9.84241
9.40407
9.91136
9.64709
9.77121
9.40407
9.13037
9.6214
9.59539
9.19425
9.59539
9.28666
9.51545
9.51545
9.16254
9.31661
9.79521
9.59539
9.34616
9.37531
9.59539
9.31661
8.92665
9.91136
9.6976
9.43245
9.51545
9.46047
9.48814
9.46047
9.72241
9.74695
9.51545
9.64709
9.79521
9.6976
9.40407
9.48814
9.67249
9.86564
9.25629
9.6976
9.67249
9.64709
8.92665
9.67249
10.02161
9.81894
9.48814
9.31661
9.51545
9.34616
9.09772
9.74695
9.34616
9.54243
9.28666
9.43245
9.22549
9.72241
9.72241
9.54243
9.51545
9.51545
9.56907
9.28666
9.43245
9.88862
9.34616
9.43245
9.19425
9.59539
9.54243
9.16254
9.31661
9.59539
9.51545
9.31661
9.19425
9.48814
9.43245
9.46047
9.31661
9.74695
9.25629
9.67249
9.22549
9.31661
9.31661
9.28666
9.77121
9.97818
9.56907
9.77121
9.72241
9.51545
9.74695
9.34616
9.59539
9.19425
9.40407
9.74695
9.81894
9.19425
9.59539
9.56907
9.93386
9.6214
9.40407
9.28666
9.86564
9.86564
9.59539
9.6214
9.84241
9.72241
9.28666
9.43245
9.51545
9.34616
9.37531
9.37531
9.6214
9.54243
9.74695
9.28666
9.25629
9.79521
9.84241
9.72241
9.97818
9.22549
9.43245
9.59539
9.77121
9.28666
9.59539
9.95613
9.88862
9.43245
9.43245
9.25629
9.64709
9.40407
9.79521
9.46047
9.31661
9.67249
9.6214
9.6214
9.51545
8.92665
9.86564
9.74695
9.59539
9.43245
9.6976
9.34616
9.84241
9.28666
9.95613
9.25629
9.16254
9.37531
9.31661
9.64709
9.37531
9.86564
9.31661
10.02161
9.64709
9.43245
9.09772
9.84241
9.88862
9.6214
9.0309
9.28666
9.56907
9.74695
9.95613
9.67249
9.88862
9.54243
9.79521
9.56907
9.31661
9.64709
9.25629
9.51545
8.9967
8.96196
9.25629
9.25629
9.43245
9.79521
9.74695
9.86564
9.46047
9.40407
9.31661
9.51545
9.88862
10.12653
9.43245
9.74695
9.79521
9.13037
9.79521
9.48814
9.46047
9.64709
9.48814
9.43245
9.06457
9.48814
9.28666
9.28666
9.72241
9.16254
9.40407
9.64709
9.43245
9.56907
9.16254
9.54243
9.46047
9.28666
10.043
9.6976
9.64709
9.54243
9.34616
9.43245
9.64709
9.79521
9.74695
9.34616
9.16254
9.0309
9.48814
9.79521
9.64709
9.54243
8.81714
9.54243
9.51545
9.64709
9.59539
9.59539
9.40407
9.34616
9.25629
9.67249
9.43245
9.84241
9.40407
9.34616
9.43245
9.56907
9.97818
9.74695
9.43245
9.59539
9.86564
9.46047
9.25629
9.28666
9.74695
9.40407
9.46047
9.46047
9.74695
9.22549
9.34616
9.51545
9.0309
9.77121
9.40407
9.19425
9.72241
9.56907
9.64709
9.16254
9.54243
9.40407
9.51545
9.59539
9.31661
9.6976
9.64709
9.54243
9.09772
9.64709
9.48814
9.16254
9.88862
9.40407
9.31661
9.37531
9.6976
9.64709
8.9967
9.25629
9.81894
9.56907
9.67249
9.0309
9.6214
9.28666
9.31661
9.59539
9.09772
9.6214
9.56907
9.72241
9.91136
9.72241
9.74695
9.54243
9.6214
9.28666
9.84241
9.59539
9.46047
9.37531
9.34616
9.22549
9.48814
9.56907
9.54243
9.37531
9.48814
9.67249
9.28666
9.59539
9.46047
9.84241
9.28666
9.51545
9.19425
9.13037
9.16254
9.31661
9.88862
9.16254
9.48814
9.37531
9.31661
9.64709
9.6214
9.77121
9.6976
9.46047
9.09772
10.06419
9.54243
9.64709
9.79521
9.19425
9.54243
9.34616
9.37531
9.64709
9.59539
9.67249
9.74695
9.22549
9.28666
9.88862
9.48814
9.46047
9.84241
9.54243
9.74695
9.56907
9.25629
9.25629
9.40407
9.84241
9.22549
9.51545
9.43245
9.95613
9.95613
9.54243
9.28666
9.6976
9.56907
9.56907
9.74695
9.31661
9.16254
9.6976
9.06457
9.40407
9.91136
9.77121
9.19425
9.46047
9.79521
9.37531
9.28666
9.86564
9.6976
9.31661
8.85426
9.51545
9.6976
9.48814
9.06457
9.28666
9.40407
9.46047
9.22549
9.31661
9.28666
9.43245
9.56907
9.48814
9.59539
9.54243
9.56907
9.95613
9.56907
9.46047
9.51545
9.51545
9.97818
9.48814
9.09772
9.25629
9.46047
9.51545
9.54243
9.88862
9.09772
9.56907
9.34616
9.67249
9.64709
9.31661
9.40407
9.48814
9.6976
9.34616
9.37531
9.37531
9.25629
9.0309
9.31661
10.02161
9.37531
9.6214
9.37531
9.43245
9.51545
9.43245
9.6214
9.72241
9.6214
9.40407
9.59539
9.64709
9.54243
8.85426
9.74695
9.19425
9.19425
9.43245
9.31661
9.40407
9.40407
9.31661
9.64709
9.34616
8.85426
9.56907
9.37531
9.51545
9.16254
9.67249
9.0309
9.64709
9.46047
9.56907
9.48814
9.09772
9.67249
9.51545
9.54243
9.79521
9.16254
9.25629
9.72241
9.59539
9.6976
9.72241
9.54243
9.56907
9.22549
9.40407
8.85426
8.9967
9.54243
9.19425
9.37531
9.51545
9.67249
9.84241
9.84241
9.37531
9.84241
9.74695
9.28666
9.59539
9.19425
9.51545
9.25629
9.91136
9.40407
9.59539
9.59539
9.88862
9.37531
9.59539
9.40407
9.37531
9.34616
9.64709
9.13037
9.72241
9.48814
9.09772
9.43245
9.34616
9.28666
9.91136
9.28666
9.34616
9.56907
9.28666
9.59539
9.95613
9.34616
9.34616
9.37531
9.25629
9.34616
9.09772
8.9967
9.13037
9.34616
9.34616
9.84241
9.91136
9.51545
9.64709
9.22549
9.43245
9.64709
9.19425
9.46047
9.46047
9.74695
9.40407
9.40407
9.64709
9.31661
9.43245
8.96196
9.54243
9.48814
8.96196
9.56907
9.51545
9.43245
9.54243
8.85426
9.72241
9.64709
9.46047
9.22549
9.22549
9.6976
9.22549
9.67249
9.37531
9.13037
9.48814
8.9967
9.6214
8.96196
9.06457
9.77121
9.06457
9.67249
10
9.28666
9.54243
9.77121
9.43245
9.19425
9.22549
9.06457
9.86564
9.0309
9.81894
9.46047
9.54243
9.64709
9.22549
9.74695
9.64709
9.56907
9.54243
9.43245
9.72241
9.46047
9.6976
9.46047
9.51545
9.06457
9.34616
9.25629
9.48814
9.28666
9.22549
9.31661
9.43245
9.22549
9.77121
9.09772
9.6976
9.37531
9.59539
9.56907
9.31661
9.6976
9.56907
9.34616
9.28666
9.77121
9.16254
9.56907
9.13037
9.22549
9.64709
9.22549
9.25629
9.54243
9.59539
9.37531
9.37531
9.37531
9.37531
9.37531
9.74695
8.92665
9.25629
9.43245
9.72241
9.06457
9.06457
9.43245
10.06419
9.54243
9.46047
8.96196
9.56907
9.54243
9.37531
9.67249
9.37531
9.28666
9.64709
9.31661
9.54243
9.34616
9.43245
9.22549
9.79521
9.48814
9.37531
9.88862
9.40407
9.37531
9.67249
9.77121
9.16254
8.9967
9.34616
9.51545
9.16254
9.54243
9.40407
9.86564
9.48814
9.06457
9.56907
9.74695
9.59539
9.37531
9.51545
9.56907
9.79521
9.28666
9.34616
9.56907
8.85426
9.56907
9.37531
9.59539
9.59539
9.19425
9.46047
9.22549
9.54243
9.16254
9.40407
9.6214
9.31661
8.89076
9.09772
9.43245
9.48814
9.93386
9.43245
9.51545
9.19425
9.6976
9.74695
9.67249
9.46047
9.54243
9.22549
9.0309
9.19425
9.25629
9.67249
9.28666
9.43245
9.46047
9.13037
9.51545
9.34616
9.48814
9.37531
9.16254
9.64709
9.72241
9.34616
9.6214
9.74695
9.64709
9.51545
9.56907
9.51545
9.31661
9.67249
9.22549
9.40407
9.6214
9.54243
9.40407
9.22549
9.13037
9.16254
9.16254
9.40407
9.54243
9.51545
9.54243
9.43245
9.56907
9.13037
9.54243
9.28666
9.72241
8.85426
9.31661
9.54243
9.54243
8.85426
9.86564
9.48814
9.51545
9.34616
8.85426
9.16254
9.59539
9.48814
9.48814
9.0309
9.19425
9.28666
9.59539
9.59539
9.56907
9.37531
9.59539
9.46047
9.72241
9.48814
8.74094
9.54243
12.12441
13.53359
13.72928
13.80964
12.77547
8.74094
2.38561
0
0
0
0
0
0
0
0
0
0
0
0
0
0
0
0
0
0
0
0
0
0
0
0
0
0
0
1.50515
0
0
0
0
0
0
0
0
0
0
0
0
0
0
0
0
0
0
0
0
0
0
0
0
0
0
0
0
0
0
0
0
0
0
0
0
0
0
0
0
0
0
0
0
0
0
0
0
0
0
0
0
0
0
0
0
0
1.50515
0
0
0
0
0
0
0
0
0
0
0
0
1.50515
0
0
0
0
0
0
0
0
0
0
0
0
0
0
0
0
0
0
0
0
0
0
0
0
0
0
0
0
0
0
0
0
0
1.50515
0
0
0
0
0
0
0
0
0
0
0
0
1.50515
0
0
0
0
0
0
0
0
0
0
0
0
0
0
0
0
0
0
0
0
0
0
0
0
0
0
0
0
0
0
0
0
0
0
0
0
0
0
0
0
0
0
0
0
0
0
0
0
0
0
0
0
0
0
0
0
0
1.50515
0
0
0
0
0
0
0
0
0
0
0
0
1.50515
0
0
0
0
0
0
0
0
0
0
0
0
0
0
0
0
0
0
0
0
1.50515
0
0
0
0
0
0
0
0
0
0
0
0
0
0
0
0
0
0
0
0
0
0
0
0
0
0
0
0
0
0
0
0
0
0
0
0
0
0
0
0
0
0
0
0
0
0
0
0
0
0
0
0
0
0
0
0
0
0
0
0
0
0
0
0
0
0
0
0
0
0
0
0
0
0
0
0
0
0
0
0
0
0
0
0
0
0
0
0
0
0
0
0
0
1.50515
0
0
0
0
0
0
0
0
0
0
0
0
0
0
0
0
0
1.50515
0
0
0
0
0
0
0
0
0
0
0
0
0
1.50515
0
0
0
0
0
0
0
0
0
0
0
0
0
0
0
0
0
0
0